{
  "accuracy": 0.4721627408993576,
  "precision": 0.25,
  "recall": 0.016771488469601678,
  "f1": 0.03143418467583497,
  "roc_auc": 0.5265495047915262,
  "auc_pr": 0.4991171198642734,
  "sensitivity": 0.016771488469601678,
  "specificity": 0.9474835886214442,
  "support": 934,
  "positives": 477,
  "negatives": 457,
  "num_batches": 30,
  "loss": 1.2600220009142122
}